484,560,596
498,570,598
490,558,498
486,576,606
471,580,604
466,582,604
461,586,590
460,588,586
459,588,586
462,592,582
489,630,570
495,636,572
481,630,582
471,616,580
465,594,580
461,582,578
461,576,574
472,590,576
474,592,578
477,596,568
465,588,562
463,588,568
464,588,572
460,584,570
460,576,570
462,574,570
466,572,572
474,570,568
474,572,570
477,572,570
479,564,570
480,566,576
485,568,580
487,568,580
483,560,584
481,558,584
479,562,582
481,566,582
489,576,588
488,576,588
463,586,592
465,592,600
476,608,610
477,614,606
477,626,592
483,640,588
485,636,592
484,624,592
475,612,596
465,600,598
461,594,602
460,586,606
467,606,602
472,602,596
477,596,584
488,586,570
493,586,566
501,584,558
504,584,552
504,584,550
499,570,544
498,568,544
492,562,544
491,560,542
495,562,540
495,566,544
489,568,552
485,570,554
483,578,552
480,590,550
482,596,556
480,602,570
469,602,578
462,614,582
467,626,580
478,632,592
477,620,598
475,600,598
466,588,608
462,586,610
460,586,604
465,586,600
461,582,600
455,566,594
456,564,594
472,564,584
476,562,582
473,560,582
474,558,580
477,560,580
478,562,580
480,566,576
483,566,576
484,564,578
482,564,578
479,560,576
478,562,576
478,566,574
478,578,574
477,580,574
466,602,598
464,602,600
467,614,610
468,616,610
473,622,610
479,626,606
481,626,604
479,620,602
479,618,600
475,594,590
473,590,592
474,596,596
470,604,590
468,606,592
468,602,588
469,602,586
474,596,582
485,590,570
489,590,566
494,580,558
498,576,552
500,568,544
500,566,544
493,560,546
491,560,544
491,558,542
488,558,536
487,558,538
488,558,540
489,556,546
487,570,554
487,576,556
484,590,558
485,592,562
477,600,584
475,604,590
472,618,592
474,620,592
486,620,600
489,618,602
469,586,614
456,592,616
456,592,614
459,592,612
467,586,612
469,582,614
468,580,616
467,576,616
467,572,614
466,570,612
464,566,608
464,562,602
467,560,600
468,558,598
474,556,594
478,556,592
481,556,592
483,558,594
480,558,594
477,556,590
476,556,584
475,556,580
475,558,578
476,560,578
480,562,580
483,562,578
486,560,578
486,560,576
487,560,576
486,562,578
487,562,582
487,564,582
486,564,584
484,564,580
483,566,578
481,570,576
480,586,578
481,594,582
479,600,602
483,602,608
485,604,608
483,610,610
485,618,602
487,620,602
495,616,610
492,606,610
485,602,610
487,602,612
499,608,604
503,604,596
501,598,588
502,592,582
502,594,576
504,594,576
508,592,560
509,580,552
508,580,552
506,574,546
505,576,544
504,576,544
505,570,548
504,568,550
497,566,552
493,568,552
487,584,556
486,586,558
486,592,568
481,592,574
464,596,578
461,600,580
467,616,586
472,618,586
484,616,588
483,606,592
473,588,594
470,586,594
462,586,602
461,584,598
460,582,598
460,580,598
453,576,600
450,574,600
457,570,588
466,568,584
468,568,584
470,568,582
474,570,580
475,570,578
480,572,574
489,574,574
490,574,574
490,574,572
492,576,572
496,572,570
495,572,574
492,580,574
491,582,574
496,604,580
488,600,596
484,600,600
479,600,604
478,602,604
478,610,606
479,612,608
474,612,612
475,598,600
477,594,598
482,586,592
481,602,584
483,602,572
483,598,568
485,590,568
489,584,564
492,580,564
492,568,558
490,564,556
491,560,552
490,562,552
496,568,550
498,570,550
495,570,548
491,568,548
480,568,552
478,572,558
470,586,572
470,594,578
468,598,582
467,598,584
468,606,600
466,610,602
467,628,610
468,630,610
476,594,614
463,550,606
461,550,606
462,552,606
474,570,600
478,576,598
474,578,596
470,572,592
471,574,588
475,578,586
482,582,578
482,582,576
485,580,572
486,580,572
483,578,574
483,578,580
484,578,580
487,574,580
488,574,580
493,572,578
495,572,578
499,572,578
503,576,578
504,584,580
511,596,584
513,598,584
513,602,598
508,600,600
507,602,604
509,608,608
519,614,610
513,594,608
510,588,604
510,596,604
516,604,606
519,610,598
514,606,598
512,598,594
513,596,592
515,598,592
511,596,588
504,590,576
500,588,576
500,578,562
503,578,562
509,580,562
510,580,560
504,576,558
496,574,556
488,576,554
493,592,560
495,592,562
495,594,564
488,608,574
486,608,576
486,608,580
487,610,582
490,606,580
486,604,580
486,598,582
486,588,590
469,584,588
468,584,588
467,590,594
464,574,592
463,572,590
462,568,588
461,568,586
471,568,580
482,570,582
478,572,578
475,568,574
479,566,574
488,570,574
492,570,574
489,568,566
487,568,564
488,586,566
489,592,568
475,614,594
467,618,600
469,626,604
472,626,606
474,626,606
477,626,606
492,606,578
494,602,580
490,596,578
486,596,578
483,600,574
482,600,576
486,594,580
487,594,578
490,594,570
493,594,570
497,588,564
499,584,562
497,576,554
494,572,544
493,566,544
495,566,544
497,570,548
490,568,546
491,568,550
489,574,556
487,580,558
487,594,568
487,602,576
488,606,586
485,616,600
486,620,604
492,626,608
493,624,610
491,622,610
477,588,608
477,572,614
477,570,614
474,576,608
472,578,604
470,578,588
470,576,586
470,576,584
475,574,570
476,572,568
480,564,566
482,562,568
479,562,570
470,560,568
470,562,568
477,574,574
478,572,574
476,568,576
475,566,574
470,564,570
472,596,574
475,602,574
476,606,588
471,604,592
471,608,594
477,618,596
481,616,590
478,602,582
479,592,578
481,592,578
479,610,580
478,614,580
482,614,582
481,612,582
482,610,582
480,602,588
479,604,588
483,594,586
485,592,584
483,592,572
481,588,566
480,586,562
477,580,558
476,572,554
477,570,552
482,574,548
485,576,546
493,574,542
482,564,538
484,572,544
486,578,546
492,592,558
491,594,560
487,598,574
485,602,584
482,604,586
481,612,590
488,636,602
492,634,602
493,620,610
494,588,606
493,584,604
489,582,596
488,586,594
486,590,574
483,580,574
480,576,574
481,570,574
482,570,576
484,570,580
478,566,578
465,558,572
466,558,574
464,558,578
459,558,582
459,562,580
454,558,580
451,556,580
450,556,582
451,568,574
453,570,572
455,580,574

